[[131, 176]
,[106, 167]
,[97, 155 ]
,[85, 130 ]
,[86, 103 ]
,[88, 70  ]
,[109, 56 ]
,[140, 57 ]
,[158, 73 ]
,[176, 97 ]
,[174, 125]
,[171, 147]
,[156, 165]
,[79, 130 ]
,[72, 113 ]
,[70, 97  ]
,[69, 49  ]
,[91, 19  ]
,[107, 10 ]
,[135, 7  ]
,[171, 25 ]
,[184, 52 ]
,[186, 95 ]
,[185, 111]
,[178, 127]
,[104, 107]
,[147, 103]
,[87, 99  ]
,[100, 96 ]
,[117, 99 ]
,[131, 97 ]
,[147, 90 ]
,[161, 92 ]
,[124, 105]
,[116, 130]
,[126, 130]
,[138, 132]
,[112, 148]
,[128, 143]
,[147, 145]
,[117, 156]
,[129, 158]
,[143, 154]]