[[180, 345],
[111, 291 ],
[92, 251 ],
[90, 234 ],
[93, 154 ],
[117, 88 ],
[147, 75 ],
[223, 80 ],
[255, 94 ],
[268, 161],
[269, 237],
[263, 267],
[225, 321],
[75, 228 ],
[64, 196 ],
[67, 169 ],
[71, 93  ],
[106, 38 ],
[149, 14 ],
[237, 30 ],
[287, 73 ],
[297, 103],
[300, 168],
[296, 202],
[278, 237],
[144, 169],
[219, 175],
[119, 159],
[143, 157],
[174, 162],
[185, 164],
[224, 162],
[247, 169],
[183, 174],
[159, 231],
[184, 227],
[207, 229],
[151, 268],
[180, 268],
[208, 270],
[152, 273],
[181, 279],
[206, 274]]